,level_1,매출액,영업이익,당기순이익,자산총계,부채총계,자본총계,ROE(%),ROA(%),EPS(원),PER(배),BPS(원),PBR(배),code
0,2020/12,,,,,,,,,,,,,402340
1,2021/03,,,,,,,,,,,,,402340
2,2021/06,,,,,,,,,,,,,402340
3,2021/09,,,,,,,,,,,,,402340
4,2021/12,11464.0,4198.0,3632.0,226391.0,57838.0,168553.0,,,4067.0,,117868.0,0.56,402340
0,2020/12,,,,,,,,,,,,,383220
1,2021/03,,,,,,,,,,,,,383220
2,2021/06,1971.0,432.0,318.0,6458.0,2932.0,3527.0,,,1279.0,,9217.0,12.15,383220
3,2021/09,3289.0,957.0,711.0,11695.0,7458.0,4236.0,,,1856.0,,11072.0,12.81,383220
4,2021/12,5632.0,1837.0,1291.0,11465.0,5991.0,5474.0,,,3369.0,,14307.0,13.21,383220
0,2020/12,,,,12080.0,10038.0,2041.0,,,,,1640.0,0.0,377300
1,2021/03,1071.0,108.0,120.0,16026.0,13822.0,2204.0,,,122.0,,1764.0,0.0,377300
2,2021/06,1092.0,-82.0,-93.0,15805.0,13353.0,2451.0,,,-61.0,,1969.0,0.0,377300
3,2021/09,,,,,,,,,10.0,,,,377300
4,2021/12,,,,34327.0,16371.0,17956.0,,,,,12839.0,13.59,377300
0,2020/12,14611.0,-4752.0,-4518.0,199418.0,123764.0,75654.0,,,-2278.0,,34398.0,0.0,373220
1,2021/03,42541.0,3412.0,4336.0,208001.0,125821.0,82180.0,,,1855.0,,36662.0,0.0,373220
2,2021/06,51310.0,7243.0,6303.0,221775.0,130990.0,90785.0,,,3064.0,,40158.0,0.0,373220
3,2021/09,40274.0,-3728.0,-2058.0,236123.0,143901.0,92222.0,,,-1167.0,,39894.0,0.0,373220
4,2021/12,44394.0,757.0,718.0,237641.0,150218.0,87424.0,10.68,4.25,210.0,,39831.0,0.0,373220
0,2020/12,,,,16680.0,4330.0,12350.0,,,,,19684.0,0.0,361610
1,2021/03,,,,,,,,,,,,,361610
2,2021/06,1552.0,444.0,421.0,30183.0,8352.0,21831.0,,,617.0,,30619.0,5.98,361610
3,2021/09,1521.0,417.0,361.0,32158.0,9820.0,22338.0,,,506.0,,31331.0,7.21,361610
4,2021/12,1573.0,-292.0,-89.0,31845.0,9683.0,22162.0,,,-125.0,,31084.0,5.4,361610
0,2020/12,,,,19244.0,7255.0,11989.0,,,,,33159.0,4.78,352820
1,2021/03,1783.0,228.0,172.0,19014.0,6855.0,12158.0,,,474.0,,33610.0,7.16,352820
2,2021/06,2786.0,280.0,203.0,34299.0,14602.0,19697.0,,,559.0,,48986.0,5.97,352820
3,2021/09,3410.0,656.0,497.0,35001.0,14279.0,20723.0,,,1227.0,,51227.0,5.83,352820
4,2021/12,4579.0,738.0,536.0,47289.0,18423.0,28866.0,6.84,4.23,1288.0,96.62,67998.0,5.13,352820
0,2020/12,19945.0,-690.0,-3639.0,137997.0,84389.0,53608.0,,,-5141.0,,75746.0,0.0,329180
1,2021/03,19882.0,284.0,60.0,132830.0,78992.0,53838.0,,,85.0,,76072.0,0.0,329180
2,2021/06,19467.0,-4227.0,-3515.0,137694.0,87337.0,50357.0,,,-4966.0,,71152.0,0.0,329180
3,2021/09,19005.0,747.0,514.0,150303.0,88736.0,61568.0,,,686.0,,69354.0,1.67,329180
4,2021/12,24759.0,-4807.0,-5201.0,150787.0,94846.0,55940.0,-14.87,-5.64,-5859.0,,63015.0,1.51,329180
0,2020/12,161.0,-535.0,-581.0,5002.0,1212.0,3791.0,-135.18,-77.4,-742.0,,4840.0,34.91,326030
1,2021/03,1400.0,759.0,1290.0,6236.0,1156.0,5080.0,-24.06,-12.77,1647.0,,6486.0,15.88,326030
2,2021/06,240.0,-651.0,-670.0,5750.0,1346.0,4405.0,-12.49,-8.83,-856.0,,5624.0,21.87,326030
3,2021/09,240.0,-499.0,-443.0,5234.0,1273.0,3961.0,-9.63,-7.45,-565.0,,5058.0,20.17,326030
4,2021/12,2307.0,1340.0,471.0,6437.0,1995.0,4442.0,15.75,11.34,602.0,117.39,5672.0,17.14,326030
0,2020/12,0.0,,,266500.0,238530.0,27970.0,,,,,6861.0,0.0,323410
1,2021/03,2249.0,540.0,467.0,286164.0,257669.0,28495.0,,,114.0,,6956.0,0.0,323410
2,2021/06,2536.0,798.0,693.0,299013.0,269933.0,29080.0,,,169.0,,7099.0,0.0,323410
3,2021/09,2773.0,712.0,520.0,355095.0,300313.0,54783.0,,,114.0,,11531.0,5.93,323410
4,2021/12,3091.0,520.0,362.0,360401.0,305187.0,55214.0,4.91,0.65,76.0,126.36,11620.0,5.08,323410
0,2020/12,96641.0,2326.0,2195.0,3990810.0,3723552.0,267258.0,5.87,0.4,231.0,5.38,31918.0,0.3,316140
1,2021/03,87068.0,9335.0,7189.0,4161044.0,3889261.0,271783.0,6.42,0.42,924.0,5.01,32554.0,0.31,316140
2,2021/06,43868.0,10503.0,8184.0,4212706.0,3931104.0,281602.0,8.82,0.57,1042.0,4.0,34003.0,0.34,316140
3,2021/09,86817.0,10918.0,8244.0,4381849.0,4098701.0,283148.0,9.84,0.63,1073.0,3.56,34772.0,0.34,316140
4,2021/12,54213.0,5841.0,4457.0,4471839.0,4183337.0,288502.0,10.59,0.66,536.0,3.56,35494.0,0.36,316140
0,2020/12,4459.0,265.0,176.0,10770.0,5146.0,5624.0,11.09,5.78,794.0,43.96,26430.0,4.67,307950
1,2021/03,3566.0,115.0,90.0,11416.0,5840.0,5576.0,11.17,5.55,415.0,42.06,26191.0,4.51,307950
2,2021/06,5147.0,336.0,231.0,20929.0,7676.0,13252.0,6.81,4.12,822.0,48.88,48059.0,2.82,307950
3,2021/09,5535.0,248.0,193.0,21858.0,8379.0,13479.0,7.11,4.24,686.0,35.75,48866.0,2.02,307950
4,2021/12,6456.0,263.0,200.0,23461.0,9703.0,13758.0,7.26,4.17,720.0,51.08,49874.0,2.77,307950
0,2020/12,670.0,109.0,99.0,5622.0,2984.0,2638.0,13.91,7.15,161.0,,4310.0,0.0,302440
1,2021/03,1127.0,537.0,419.0,17099.0,4194.0,12906.0,10.8,7.75,649.0,91.74,16870.0,7.14,302440
2,2021/06,1446.0,662.0,528.0,17919.0,4483.0,13437.0,17.55,12.47,690.0,76.29,17564.0,9.02,302440
3,2021/09,2208.0,1004.0,764.0,19192.0,4989.0,14202.0,21.63,14.81,999.0,104.15,18565.0,14.57,302440
4,2021/12,4509.0,2539.0,1840.0,21101.0,5088.0,16013.0,38.08,26.58,2405.0,46.61,20932.0,10.75,302440
0,2020/12,15563.0,356.0,262.0,23712.0,16743.0,6968.0,18.6,5.4,1514.0,19.09,40337.0,3.36,282330
1,2021/03,15012.0,216.0,159.0,24211.0,17499.0,6711.0,20.11,5.5,918.0,21.57,38849.0,4.07,282330
2,2021/06,17004.0,586.0,468.0,25592.0,18414.0,7178.0,20.97,5.84,2707.0,22.11,41549.0,4.32,282330
3,2021/09,18366.0,695.0,493.0,25919.0,18250.0,7669.0,19.2,5.48,2853.0,21.33,44396.0,3.84,282330
4,2021/12,17430.0,497.0,357.0,25964.0,17871.0,8093.0,19.61,5.94,2064.0,17.03,46849.0,3.11,282330
0,2020/12,5776.0,851.0,569.0,26654.0,7679.0,18975.0,15.5,10.73,1372.0,18.32,46294.0,2.68,271560
1,2021/03,6020.0,1019.0,717.0,27121.0,7244.0,19877.0,14.74,10.37,1811.0,19.46,48522.0,2.7,271560
2,2021/06,5017.0,551.0,395.0,27493.0,7074.0,20420.0,12.93,9.29,981.0,19.44,49856.0,2.38,271560
3,2021/09,6253.0,1142.0,769.0,29788.0,7805.0,21982.0,12.05,8.67,1850.0,19.54,53629.0,2.19,271560
4,2021/12,6265.0,1017.0,755.0,31204.0,8279.0,22926.0,12.75,9.11,1876.0,15.88,55935.0,1.85,271560
0,2020/12,46110.0,-3153.0,-4511.0,265590.0,154611.0,110979.0,-8.12,-3.02,-4679.0,,99265.0,0.57,267250
1,2021/03,60755.0,5343.0,2944.0,278219.0,167125.0,111095.0,-3.16,-0.51,1918.0,,98174.0,0.59,267250
2,2021/06,63303.0,1846.0,218.0,296727.0,185161.0,111566.0,-4.87,-0.36,-1601.0,,94309.0,0.75,267250
3,2021/09,72775.0,3017.0,593.0,358174.0,236978.0,121196.0,-4.92,-0.24,47.0,,91508.0,0.71,267250
4,2021/12,84754.0,647.0,-1896.0,358157.0,239282.0,118875.0,-1.98,0.6,-2039.0,,89404.0,0.6,267250
0,2020/12,4334.0,926.0,413.0,17191.0,5050.0,12141.0,61.86,41.07,1001.0,,28377.0,0.0,259960
1,2021/03,4610.0,2272.0,1940.0,20977.0,6766.0,14211.0,39.57,26.43,4535.0,,33213.0,0.0,259960
2,2021/06,4593.0,1742.0,1413.0,22905.0,7208.0,15697.0,37.75,25.62,3276.0,,36273.0,0.0,259960
3,2021/09,5219.0,1953.0,1783.0,53042.0,7842.0,45200.0,19.54,15.98,3811.0,39.35,96612.0,5.2,259960
4,2021/12,4440.0,430.0,62.0,56351.0,10269.0,46082.0,17.86,14.14,127.0,40.2,98465.0,4.67,259960
0,2020/12,6238.0,825.0,1028.0,82234.0,25728.0,56506.0,6.35,4.82,1165.0,36.05,66080.0,1.99,251270
1,2021/03,5704.0,542.0,619.0,82540.0,27348.0,55192.0,6.26,4.56,657.0,35.1,65430.0,1.97,251270
2,2021/06,5772.0,161.0,481.0,80149.0,23080.0,57068.0,5.41,3.99,532.0,40.25,67597.0,1.98,251270
3,2021/09,6071.0,267.0,357.0,82241.0,22591.0,59650.0,4.28,3.18,350.0,43.64,70196.0,1.68,251270
4,2021/12,7523.0,540.0,1034.0,106638.0,46561.0,60077.0,4.29,2.64,1256.0,44.71,70683.0,1.77,251270
0,2020/12,11691.0,1315.0,1038.0,69606.0,28868.0,40738.0,6.15,3.62,1035.0,12.01,40637.0,0.73,241560
1,2021/03,12248.0,1713.0,1154.0,74709.0,31968.0,42741.0,7.85,4.46,1151.0,12.81,42634.0,0.99,241560
2,2021/06,12796.0,1395.0,925.0,81449.0,37588.0,43861.0,8.96,4.94,922.0,12.63,43752.0,1.1,241560
3,2021/09,15165.0,1259.0,519.0,84523.0,42747.0,41776.0,8.7,4.63,518.0,11.04,41672.0,0.96,241560
4,2021/12,17615.0,1543.0,1232.0,85809.0,42596.0,43213.0,9.13,4.93,1229.0,10.67,43105.0,0.95,241560
0,2020/12,3753.0,926.0,962.0,64242.0,18254.0,45988.0,,,1437.0,226.84,68678.0,11.89,207940
1,2021/03,2608.0,743.0,610.0,64791.0,18192.0,46599.0,5.86,4.27,911.0,186.59,70428.0,10.62,207940
2,2021/06,4122.0,1668.0,1215.0,66110.0,18300.0,47810.0,7.26,5.3,1815.0,166.24,72259.0,11.64,207940
3,2021/09,4507.0,1674.0,1318.0,75943.0,26813.0,49130.0,8.72,5.98,1968.0,140.9,74254.0,11.77,207940
4,2021/12,4443.0,1288.0,793.0,79700.0,29789.0,49911.0,8.21,5.47,1185.0,151.83,74537.0,11.97,207940
0,2020/12,831.0,-554.0,726.0,34886.0,18243.0,16643.0,-19.55,-11.05,1425.0,,22668.0,2.78,180640
1,2021/03,746.0,-655.0,-998.0,35643.0,19974.0,15668.0,-6.31,-5.47,-1049.0,,21689.0,2.65,180640
2,2021/06,1011.0,-497.0,-680.0,35110.0,19777.0,15333.0,-7.9,-6.15,-720.0,,21288.0,3.1,180640
3,2021/09,997.0,-485.0,-530.0,35326.0,19835.0,15491.0,-5.08,-4.89,-414.0,,20849.0,2.94,180640
4,2021/12,1199.0,-314.0,1852.0,37547.0,19305.0,18242.0,1.11,-0.99,2428.0,238.96,23786.0,2.58,180640
0,2020/12,17668.0,2274.0,1499.0,106585.0,32464.0,74121.0,5.12,3.7,1163.0,13.11,60477.0,0.65,161390
1,2021/03,16168.0,1860.0,1749.0,110616.0,34749.0,75868.0,6.07,4.24,1393.0,13.52,61928.0,0.79,161390
2,2021/06,18064.0,1870.0,1616.0,113627.0,35298.0,78329.0,8.21,5.65,1296.0,10.38,63935.0,0.81,161390
3,2021/09,18294.0,1808.0,1855.0,118465.0,36715.0,81750.0,8.53,5.92,1479.0,8.11,66717.0,0.65,161390
4,2021/12,18885.0,883.0,824.0,117039.0,34988.0,82051.0,7.69,5.41,657.0,8.23,66955.0,0.59,161390
0,2020/12,57265.0,849.0,-1164.0,223404.0,118438.0,104966.0,4.05,1.67,-4159.0,11.67,336509.0,0.45,139480
1,2021/03,58958.0,1232.0,1021.0,232298.0,125511.0,106787.0,4.54,1.9,3273.0,11.79,333019.0,0.51,139480
2,2021/06,58647.0,76.0,4830.0,240108.0,132103.0,108005.0,6.2,2.59,17091.0,7.9,337170.0,0.47,139480
3,2021/09,63119.0,1086.0,9370.0,272482.0,153396.0,119086.0,14.31,5.67,33491.0,3.31,369462.0,0.45,139480
4,2021/12,68603.0,773.0,669.0,312421.0,188418.0,124003.0,16.25,5.93,2492.0,2.68,369202.0,0.41,139480
0,2020/12,67963.0,3900.0,2348.0,695644.0,626871.0,68773.0,16.06,1.41,918.0,2.74,25445.0,0.39,138040
1,2021/03,79883.0,4416.0,3213.0,727703.0,662152.0,65550.0,19.34,1.55,1333.0,4.03,24669.0,0.7,138040
2,2021/06,78218.0,4592.0,3450.0,754091.0,687651.0,66441.0,19.05,1.6,1391.0,4.59,26159.0,0.81,138040
3,2021/09,89629.0,4885.0,3665.0,776534.0,708423.0,68111.0,20.55,1.74,1667.0,6.34,28802.0,1.17,138040
4,2021/12,108770.0,4113.0,3505.0,820309.0,751476.0,68833.0,22.32,1.83,1499.0,7.47,29591.0,1.49,138040
0,2020/12,,,,13474.0,6259.0,7215.0,,,,,7732.0,0.0,137310
1,2021/03,11791.0,5763.0,4375.0,18324.0,6810.0,11514.0,,,4683.0,,12228.0,0.0,137310
2,2021/06,7804.0,3904.0,2802.0,20330.0,5974.0,14356.0,,,3006.0,,15277.0,0.0,137310
3,2021/09,5267.0,2495.0,2173.0,27563.0,6157.0,21406.0,,,2126.0,,20746.0,2.18,137310
4,2021/12,4438.0,1479.0,1294.0,30051.0,8017.0,22034.0,72.47,47.66,1263.0,5.15,21658.0,2.58,137310
0,2020/12,2773.0,419.0,312.0,18820.0,10501.0,8319.0,1.65,0.91,2255.0,370.3,59651.0,6.03,128940
1,2021/03,2703.0,300.0,232.0,19395.0,10863.0,8533.0,3.19,1.48,1546.0,163.0,60930.0,5.1,128940
2,2021/06,2793.0,159.0,83.0,19259.0,10589.0,8671.0,3.1,1.62,577.0,175.03,61873.0,5.3,128940
3,2021/09,3031.0,369.0,281.0,19481.0,10413.0,9068.0,10.35,4.66,1900.0,42.97,64407.0,4.19,128940
4,2021/12,3505.0,427.0,219.0,19367.0,10085.0,9283.0,8.74,4.27,1418.0,50.72,65683.0,4.2,128940
0,2020/12,151503.0,7882.0,5899.0,6107199.0,5673176.0,434024.0,8.56,0.62,1420.0,5.2,109191.0,0.4,105560
1,2021/03,175844.0,17468.0,12852.0,6209392.0,5768738.0,440654.0,9.85,0.7,3054.0,5.83,110797.0,0.51,105560
2,2021/06,122417.0,16737.0,12074.0,6337478.0,5880224.0,457254.0,10.03,0.71,2896.0,5.48,115045.0,0.49,105560
3,2021/09,164732.0,17875.0,13057.0,6505065.0,6028329.0,476736.0,9.89,0.7,3122.0,5.27,120571.0,0.46,105560
4,2021/12,126183.0,8895.0,5861.0,6638958.0,6156019.0,482939.0,9.8,0.69,1532.0,5.19,121808.0,0.45,105560
0,2020/12,61514.0,2966.0,-127.0,256119.0,154455.0,101664.0,13.5,3.03,-598.0,9.1,329172.0,1.16,97950
1,2021/03,61781.0,3851.0,2188.0,264770.0,158817.0,105953.0,7.45,2.08,10094.0,16.53,345805.0,1.19,97950
2,2021/06,63092.0,4696.0,2615.0,261048.0,155526.0,105522.0,8.35,2.48,10633.0,16.07,358696.0,1.29,97950
3,2021/09,68541.0,4332.0,2112.0,265239.0,159267.0,105971.0,8.28,2.56,9195.0,13.96,378219.0,1.08,97950
4,2021/12,69478.0,2366.0,2009.0,268558.0,160490.0,108068.0,10.76,3.4,7491.0,10.36,381542.0,1.02,97950
0,2020/12,77682.0,-1764.0,-2326.0,384981.0,230397.0,154585.0,-13.58,-5.5,-2554.0,,173957.0,1.09,96770
1,2021/03,92398.0,5025.0,-3681.0,429872.0,276701.0,153171.0,-6.6,-2.36,-4014.0,,172344.0,1.27,96770
2,2021/06,111196.0,5065.0,2032.0,459303.0,284776.0,174528.0,-2.93,-0.97,1994.0,,189314.0,1.56,96770
3,2021/09,123005.0,6185.0,5110.0,489602.0,296385.0,193217.0,-0.02,0.26,4541.0,,204703.0,1.29,96770
4,2021/12,141830.0,1266.0,1549.0,495574.0,299242.0,196332.0,1.91,1.14,730.0,73.38,206117.0,1.16,96770
0,2020/12,11569.0,-92.0,-589.0,57019.0,12375.0,44644.0,0.78,0.37,-828.0,404.68,65223.0,3.16,90430
1,2021/03,12528.0,1762.0,1376.0,57457.0,11894.0,45563.0,2.18,1.59,1959.0,180.84,66530.0,3.89,90430
2,2021/06,11767.0,912.0,592.0,58058.0,11874.0,46185.0,3.26,2.5,885.0,116.94,67466.0,3.74,90430
3,2021/09,11089.0,503.0,385.0,61256.0,12810.0,48446.0,3.82,2.97,578.0,68.83,70230.0,2.54,90430
4,2021/12,13247.0,256.0,-544.0,61167.0,13724.0,47443.0,4.2,3.06,-615.0,59.52,69064.0,2.42,90430
0,2020/12,,,,,,,,,,,,,88980
1,2021/03,,,,,,,,,,,,,88980
2,2021/06,,,,,,,,,,,,,88980
3,2021/09,,,,,,,,,,,,,88980
4,2021/12,,,,,,,,,,,,,88980
0,2020/12,148523.0,9523.0,5450.0,4609470.0,4293468.0,316003.0,8.96,0.61,1775.0,3.93,105341.0,0.33,86790
1,2021/03,140110.0,10769.0,8520.0,4756419.0,4436364.0,320054.0,9.49,0.63,2783.0,4.56,106792.0,0.4,86790
2,2021/06,69079.0,12850.0,9329.0,4875325.0,4542680.0,332645.0,9.83,0.67,3055.0,4.54,111067.0,0.41,86790
3,2021/09,133104.0,11483.0,9421.0,5024649.0,4680718.0,343931.0,10.04,0.69,3094.0,4.33,114805.0,0.4,86790
4,2021/12,76043.0,11209.0,8546.0,5024453.0,4669459.0,354993.0,10.86,0.74,2813.0,3.58,117363.0,0.36,86790
0,2020/12,48791.0,1752.0,1683.0,108987.0,58323.0,50664.0,12.45,5.76,4490.0,11.38,135079.0,1.36,86280
1,2021/03,50646.0,2093.0,1296.0,115209.0,64075.0,51135.0,11.79,5.13,3457.0,12.22,136335.0,1.38,86280
2,2021/06,54672.0,2769.0,2143.0,115787.0,62187.0,53600.0,13.33,6.38,5709.0,11.62,142671.0,1.46,86280
3,2021/09,54041.0,3150.0,1831.0,119750.0,64112.0,55638.0,13.27,6.21,4892.0,8.98,148109.0,1.12,86280
4,2021/12,58437.0,3251.0,2562.0,121709.0,63585.0,58124.0,14.41,6.79,6820.0,8.05,154732.0,1.09,86280
0,2020/12,36529.0,2797.0,-1732.0,244768.0,137203.0,107565.0,-2.82,-0.76,-1428.0,,88236.0,0.43,78930
1,2021/03,42846.0,7064.0,5846.0,273159.0,161350.0,111809.0,7.5,2.67,5805.0,5.74,92602.0,0.42,78930
2,2021/06,44405.0,4855.0,2058.0,276109.0,161836.0,114272.0,9.59,3.4,1945.0,5.26,94899.0,0.49,78930
3,2021/09,55140.0,6370.0,5238.0,298017.0,169201.0,128816.0,11.51,4.14,4700.0,4.06,100932.0,0.44,78930
4,2021/12,60010.0,8114.0,3005.0,311913.0,169883.0,142029.0,15.54,5.8,2851.0,2.56,108672.0,0.36,78930
0,2020/12,40918.0,3016.0,3423.0,704377.0,648054.0,56323.0,16.27,1.31,5566.0,5.63,96097.0,0.82,71050
1,2021/03,48544.0,4850.0,4014.0,719712.0,660538.0,59175.0,26.06,1.92,6524.0,3.82,100986.0,0.85,71050
2,2021/06,45070.0,3433.0,3017.0,742905.0,680316.0,62590.0,22.88,1.79,4913.0,4.9,106595.0,0.97,71050
3,2021/09,43339.0,4178.0,7529.0,786307.0,715331.0,70977.0,29.06,2.36,12218.0,2.95,120945.0,0.71,71050
4,2021/12,11689.0,2748.0,3086.0,820366.0,746085.0,74281.0,27.12,2.31,4995.0,2.82,126688.0,0.64,71050
0,2020/12,4987.0,1647.0,995.0,50477.0,15925.0,34552.0,16.68,11.61,695.0,96.68,23962.0,14.7,68270
1,2021/03,4570.0,2077.0,1972.0,52114.0,15849.0,36265.0,18.75,13.09,1379.0,74.51,25216.0,12.63,68270
2,2021/06,4318.0,1632.0,1295.0,52573.0,14764.0,37809.0,17.51,12.53,893.0,63.01,26248.0,10.04,68270
3,2021/09,4010.0,1640.0,1404.0,55356.0,15932.0,39424.0,15.67,11.14,963.0,64.81,27367.0,9.31,68270
4,2021/12,6219.0,2176.0,1242.0,56973.0,16237.0,40736.0,15.81,11.01,856.0,48.4,28276.0,7.0,68270
0,2020/12,135767.0,13603.0,2623.0,482042.0,306621.0,175421.0,13.23,4.44,1440.0,12.4,85732.0,1.57,66570
1,2021/03,188095.0,15166.0,11691.0,504586.0,316078.0,188508.0,12.22,4.47,5520.0,13.97,91952.0,1.63,66570
2,2021/06,171139.0,8781.0,-2920.0,506669.0,319652.0,187016.0,9.47,3.75,-2157.0,19.78,90830.0,1.8,66570
3,2021/09,187867.0,5407.0,5165.0,545598.0,342547.0,203051.0,7.59,3.19,2129.0,18.39,96606.0,1.32,66570
4,2021/12,210087.0,6777.0,213.0,534815.0,333834.0,200980.0,6.32,2.78,214.0,24.19,95691.0,1.44,66570
0,2020/12,82053.0,9490.0,4894.0,6052341.0,5588772.0,463569.0,8.2,0.6,870.0,4.75,82516.0,0.39,55550
1,2021/03,68948.0,16824.0,12179.0,6187370.0,5719944.0,467426.0,8.67,0.63,2232.0,5.26,83338.0,0.45,55550
2,2021/06,68565.0,16935.0,12779.0,6260430.0,5775767.0,484664.0,9.26,0.69,2344.0,5.25,86550.0,0.47,55550
3,2021/09,65833.0,16039.0,11418.0,6386552.0,5892394.0,494157.0,8.83,0.67,2089.0,5.36,88313.0,0.46,55550
4,2021/12,86134.0,9723.0,4749.0,6481522.0,5986138.0,495384.0,8.8,0.66,861.0,4.89,88548.0,0.42,55550
0,2020/12,1584.0,135.0,99.0,7003.0,2012.0,4991.0,,,260.0,,13119.0,1.36,52690
1,2021/03,805.0,10.0,16.0,7035.0,2115.0,4920.0,,,43.0,51.23,12933.0,1.74,52690
2,2021/06,750.0,-5.0,12.0,6883.0,1937.0,4946.0,4.26,2.98,32.0,93.26,13001.0,3.88,52690
3,2021/09,883.0,-83.0,-27.0,6800.0,1862.0,4938.0,2.08,1.5,-69.0,183.28,12980.0,3.75,52690
4,2021/12,1893.0,179.0,162.0,7055.0,1921.0,5135.0,3.25,2.34,425.0,197.46,13496.0,6.3,52690
0,2020/12,88872.0,1258.0,-3434.0,413889.0,225985.0,187904.0,2.93,1.81,-5148.0,125.83,231866.0,3.55,51910
1,2021/03,96500.0,14081.0,13710.0,447128.0,250647.0,196481.0,10.05,4.93,16692.0,35.04,241285.0,3.34,51910
2,2021/06,114561.0,21398.0,15663.0,467350.0,252440.0,214911.0,15.39,7.42,19037.0,22.9,261865.0,3.25,51910
3,2021/09,106102.0,7266.0,6799.0,498220.0,271434.0,226786.0,15.21,7.29,7794.0,20.22,273781.0,2.83,51910
4,2021/12,109487.0,7484.0,3368.0,511353.0,279253.0,232100.0,18.47,8.55,3356.0,13.12,278455.0,2.21,51910
0,2020/12,20944.0,2563.0,1426.0,68014.0,19522.0,48492.0,17.92,12.23,7897.0,35.99,283837.0,5.71,51900
1,2021/03,20367.0,3706.0,2588.0,70473.0,21143.0,49331.0,18.08,12.33,14390.0,33.84,288600.0,5.44,51900
2,2021/06,20214.0,3358.0,2264.0,70302.0,18678.0,51624.0,17.76,12.59,12518.0,36.99,302018.0,5.83,51900
3,2021/09,20103.0,3423.0,2395.0,73580.0,20370.0,53210.0,17.23,12.24,13247.0,27.82,311200.0,4.3,51900
4,2021/12,20231.0,2410.0,1364.0,75552.0,20574.0,54978.0,16.65,12.0,7510.0,23.01,321556.0,3.41,51900
0,2020/12,7617.0,-108.0,-613.0,51591.0,39248.0,12343.0,6.39,1.52,-625.0,33.7,12264.0,2.1,47810
1,2021/03,6117.0,84.0,119.0,52942.0,40674.0,12268.0,0.65,0.1,134.0,467.54,12198.0,3.01,47810
2,2021/06,7085.0,600.0,538.0,58624.0,45818.0,12806.0,1.59,0.3,557.0,163.03,12755.0,2.58,47810
3,2021/09,4451.0,28.0,70.0,55677.0,42801.0,12876.0,1.15,0.22,81.0,225.01,12836.0,2.57,47810
4,2021/12,7969.0,-130.0,-195.0,58552.0,45578.0,12974.0,5.18,0.97,-116.0,49.5,13023.0,2.49,47810
0,2020/12,5613.0,1567.0,803.0,40812.0,9365.0,31447.0,20.83,15.8,3670.0,34.8,152449.0,6.11,36570
1,2021/03,5125.0,567.0,802.0,42775.0,12369.0,30406.0,16.79,12.01,3684.0,40.54,147423.0,5.92,36570
2,2021/06,5385.0,1128.0,943.0,41013.0,9641.0,31372.0,13.84,10.52,4300.0,44.01,152109.0,5.39,36570
3,2021/09,5006.0,963.0,995.0,44568.0,13301.0,31267.0,11.23,8.19,4544.0,37.23,152257.0,3.96,36570
4,2021/12,7572.0,1095.0,1217.0,45819.0,14307.0,31512.0,12.62,9.14,5551.0,35.57,155059.0,4.15,36570
0,2020/12,53823.0,2603.0,818.0,359098.0,281746.0,77352.0,-2.24,-0.43,834.0,,87164.0,0.35,36460
1,2021/03,77114.0,7646.0,5151.0,376147.0,293308.0,82838.0,-2.41,-0.49,5557.0,,93551.0,0.36,36460
2,2021/06,48409.0,543.0,-526.0,354926.0,272455.0,82471.0,3.21,0.71,-609.0,13.52,93098.0,0.4,36460
3,2021/09,53728.0,78.0,-857.0,376359.0,294516.0,81843.0,5.78,1.25,-967.0,10.11,92463.0,0.53,36460
4,2021/12,95956.0,4130.0,5878.0,436699.0,345506.0,91193.0,11.63,2.42,6319.0,3.8,103338.0,0.38,36460
0,2020/12,12351.0,1497.0,-1955.0,119540.0,45262.0,74277.0,2.7,1.68,-428.0,219.25,14647.0,5.32,35720
1,2021/03,12580.0,1575.0,2399.0,135142.0,56369.0,78772.0,5.0,2.9,506.0,144.96,15428.0,6.46,35720
2,2021/06,13522.0,1626.0,3159.0,151501.0,57903.0,93598.0,6.9,4.0,702.0,151.91,17937.0,9.09,35720
3,2021/09,17408.0,1682.0,8663.0,182312.0,73261.0,109052.0,14.84,8.33,1752.0,46.46,20271.0,5.82,35720
4,2021/12,17857.0,1066.0,2241.0,227796.0,91896.0,135900.0,17.1,9.48,172.0,35.92,23018.0,4.89,35720
0,2020/12,15126.0,3238.0,3841.0,170142.0,87591.0,82551.0,15.21,5.76,2585.0,47.97,49961.0,5.85,35420
1,2021/03,14991.0,2888.0,153145.0,304310.0,79978.0,224332.0,112.29,72.52,93207.0,3.84,148906.0,2.53,35420
2,2021/06,16635.0,3356.0,5406.0,316949.0,84312.0,232637.0,111.05,71.06,3212.0,4.15,153268.0,2.72,35420
3,2021/09,17273.0,3498.0,3227.0,329609.0,87551.0,242058.0,109.92,68.42,2021.0,3.84,158995.0,2.44,35420
4,2021/12,19277.0,3512.0,2998.0,336910.0,96636.0,240274.0,106.72,64.99,1948.0,3.77,157641.0,2.4,35420
0,2020/12,1313.0,-761.0,-333.0,36416.0,3946.0,32470.0,-7.92,-6.83,-156.0,,16016.0,1.47,35250
1,2021/03,974.0,-596.0,-409.0,36000.0,3944.0,32056.0,-4.88,-4.03,-191.0,,15811.0,1.6,35250
2,2021/06,2036.0,27.0,209.0,36607.0,4344.0,32264.0,-2.87,-2.49,98.0,,15914.0,1.69,35250
3,2021/09,2452.0,243.0,204.0,37243.0,4778.0,32465.0,-1.01,-0.88,95.0,,16013.0,1.79,35250
4,2021/12,2421.0,-200.0,-110.0,38273.0,5745.0,32528.0,-0.33,-0.28,-51.0,,16044.0,1.5,35250
0,2020/12,183590.0,1925.0,-3204.0,1376679.0,858080.0,518599.0,1.11,-0.08,-2007.0,90.08,329764.0,0.73,34730
1,2021/03,222498.0,15447.0,5797.0,1452653.0,916911.0,535742.0,3.38,0.93,3275.0,32.84,357830.0,0.79,34730
2,2021/06,234457.0,12150.0,15521.0,1518917.0,937060.0,581857.0,5.78,1.9,7063.0,18.23,380921.0,0.74,34730
3,2021/09,255632.0,15571.0,9914.0,1590611.0,975151.0,615460.0,3.13,1.9,226.0,31.32,390744.0,0.69,34730
4,2021/12,271063.0,6162.0,25953.0,1653809.0,998157.0,655651.0,10.19,3.77,16920.0,9.08,375047.0,0.67,34730
0,2020/12,74926.0,6781.0,6155.0,350660.0,223346.0,127314.0,-0.83,-0.22,1573.0,,31847.0,0.58,34220
1,2021/03,68828.0,5230.0,2658.0,363976.0,231584.0,132391.0,2.86,1.07,637.0,24.51,33039.0,0.69,34220
2,2021/06,69656.0,7011.0,4238.0,363237.0,225630.0,137607.0,10.25,3.69,1015.0,7.4,34268.0,0.71,34220
3,2021/09,72232.0,5289.0,4635.0,376062.0,229945.0,146116.0,13.15,4.84,1172.0,4.31,36324.0,0.52,34220
4,2021/12,88065.0,4776.0,1804.0,381545.0,233920.0,147625.0,9.68,3.64,491.0,7.42,36664.0,0.67,34220
0,2020/12,-19291.0,-3124.0,-1346.0,255672.0,184607.0,71065.0,-37.2,-3.33,-584.0,,8094.0,1.61,34020
1,2021/03,40047.0,3721.0,2481.0,274086.0,199056.0,75030.0,-18.97,-0.82,267.0,,8396.0,1.49,34020
2,2021/06,29006.0,2546.0,2020.0,292389.0,202189.0,90200.0,-4.8,0.85,184.0,,8749.0,2.63,34020
3,2021/09,34607.0,2431.0,1126.0,246588.0,164044.0,82544.0,3.73,1.71,244.0,59.75,10262.0,1.93,34020
4,2021/12,21708.0,1270.0,831.0,237205.0,149130.0,88076.0,10.67,2.62,322.0,19.88,11095.0,1.84,34020
0,2020/12,10946.0,3288.0,3062.0,114684.0,23768.0,90916.0,13.22,10.54,2239.0,9.74,72831.0,1.14,33780
1,2021/03,12639.0,3177.0,2726.0,117664.0,29804.0,87860.0,13.52,10.17,1992.0,9.7,70376.0,1.16,33780
2,2021/06,13465.0,3301.0,2464.0,113563.0,23015.0,90548.0,12.56,9.86,1810.0,10.46,72559.0,1.16,33780
3,2021/09,15684.0,4239.0,3596.0,119493.0,25244.0,94249.0,13.17,10.1,2632.0,9.36,75556.0,1.07,33780
4,2021/12,10496.0,2667.0,932.0,116373.0,24284.0,92089.0,10.74,8.41,684.0,11.1,76336.0,1.03,33780
0,2020/12,87590.0,4908.0,2986.0,3365693.0,2929587.0,436106.0,3.26,0.42,1353.0,12.5,233300.0,0.34,32830
1,2021/03,100075.0,13344.0,11156.0,3345620.0,2932597.0,413023.0,5.86,0.69,5440.0,7.35,220526.0,0.35,32830
2,2021/06,82597.0,335.0,1168.0,3372704.0,2960971.0,411733.0,4.66,0.57,383.0,9.11,219531.0,0.36,32830
3,2021/09,90977.0,1337.0,1591.0,3362616.0,2971230.0,391386.0,4.17,0.51,646.0,9.38,208010.0,0.35,32830
4,2021/12,77789.0,1994.0,2062.0,3413826.0,3017572.0,396254.0,3.69,0.47,878.0,8.72,210566.0,0.3,32830
0,2020/12,35173.0,1755.0,-2247.0,183502.0,106990.0,76512.0,6.46,2.63,-509.0,10.99,16891.0,0.7,32640
1,2021/03,34168.0,2756.0,2009.0,182972.0,106430.0,76542.0,7.18,2.92,450.0,10.32,16894.0,0.73,32640
2,2021/06,33455.0,2684.0,2105.0,186343.0,107835.0,78508.0,7.84,3.2,477.0,11.57,17384.0,0.88,32640
3,2021/09,34774.0,2767.0,2110.0,186812.0,107786.0,79026.0,5.16,2.1,482.0,16.68,17708.0,0.85,32640
4,2021/12,36114.0,1582.0,1018.0,193705.0,114120.0,79586.0,9.47,3.84,223.0,8.34,17852.0,0.76,32640
0,2020/12,62072.0,1668.0,392.0,336625.0,181111.0,155514.0,4.75,2.06,267.0,9.52,58008.0,0.41,30200
1,2021/03,60294.0,4442.0,3265.0,335477.0,182097.0,153379.0,5.5,2.43,1159.0,9.8,58904.0,0.48,30200
2,2021/06,60276.0,4759.0,3708.0,341390.0,184752.0,156638.0,6.54,2.84,1298.0,9.08,60402.0,0.53,30200
3,2021/09,62174.0,3824.0,3377.0,358312.0,197337.0,160975.0,7.15,3.0,1190.0,8.33,61872.0,0.53,30200
4,2021/12,66236.0,3694.0,4244.0,371593.0,205922.0,165672.0,9.36,4.12,1549.0,5.89,63512.0,0.48,30200
0,2020/12,9147.0,629.0,481.0,233989.0,162793.0,71195.0,5.69,1.75,415.0,9.44,66718.0,0.49,29780
1,2021/03,9181.0,1853.0,1384.0,238404.0,167517.0,70887.0,6.14,1.84,1194.0,9.39,66429.0,0.52,29780
2,2021/06,8433.0,1948.0,1438.0,252071.0,179446.0,72625.0,6.48,1.9,1241.0,8.67,68058.0,0.5,29780
3,2021/09,9403.0,1934.0,1395.0,264458.0,190460.0,73998.0,6.5,1.84,1204.0,8.34,69345.0,0.49,29780
4,2021/12,8864.0,1758.0,1294.0,271442.0,196309.0,75133.0,7.53,2.18,1117.0,6.62,70408.0,0.45,29780
0,2020/12,6205.0,602.0,-136.0,46593.0,18527.0,28067.0,3.25,1.99,-26.0,29.0,5250.0,0.96,28670
1,2021/03,6799.0,489.0,546.0,51274.0,21728.0,29546.0,4.17,2.52,102.0,26.28,5527.0,1.12,28670
2,2021/06,11299.0,1120.0,911.0,54945.0,24574.0,30371.0,5.72,3.38,170.0,26.21,5681.0,1.5,28670
3,2021/09,13282.0,1913.0,1790.0,60676.0,27004.0,33672.0,9.72,5.65,335.0,12.97,6299.0,1.2,28670
4,2021/12,14780.0,2207.0,2246.0,64888.0,28919.0,35968.0,17.16,9.86,420.0,5.26,6728.0,0.8,28670
0,2020/12,81823.0,2564.0,2699.0,543317.0,213863.0,329455.0,3.81,2.32,1244.0,25.24,183094.0,0.75,28260
1,2021/03,78396.0,3026.0,8867.0,556132.0,219070.0,337062.0,6.11,3.47,4621.0,14.83,187566.0,0.66,28260
2,2021/06,85476.0,4252.0,3338.0,552058.0,212216.0,339842.0,6.16,3.63,1365.0,15.57,188810.0,0.72,28260
3,2021/09,83030.0,1410.0,3751.0,538632.0,212839.0,325793.0,6.13,3.71,1559.0,14.05,179761.0,0.69,28260
4,2021/12,97649.0,3272.0,2334.0,552454.0,218930.0,333524.0,5.4,3.34,1128.0,13.72,184352.0,0.65,28260
0,2020/12,18792.0,898.0,556.0,47556.0,31738.0,15817.0,17.32,5.41,229.0,10.29,8167.0,1.62,28050
1,2021/03,15308.0,1073.0,1015.0,53579.0,36597.0,16983.0,18.51,5.72,552.0,9.44,8799.0,1.59,28050
2,2021/06,16958.0,1503.0,938.0,54718.0,36784.0,17934.0,19.16,6.09,476.0,14.83,9282.0,2.58,28050
3,2021/09,17466.0,1390.0,979.0,56869.0,37771.0,19098.0,20.23,6.66,551.0,14.14,9929.0,2.57,28050
4,2021/12,25135.0,1067.0,579.0,60587.0,40982.0,19605.0,20.67,6.49,322.0,12.05,10216.0,2.24,28050
0,2020/12,54980.0,5533.0,3603.0,3616162.0,3364738.0,251423.0,6.44,0.46,430.0,4.41,33494.0,0.26,24110
1,2021/03,53883.0,7803.0,5920.0,3701770.0,3444035.0,257734.0,6.69,0.47,744.0,4.48,34346.0,0.27,24110
2,2021/06,27525.0,8219.0,6224.0,3783605.0,3519494.0,264111.0,7.66,0.54,778.0,4.41,34932.0,0.3,24110
3,2021/09,28872.0,8159.0,6121.0,3864500.0,3594812.0,269688.0,8.4,0.59,762.0,3.89,35657.0,0.29,24110
4,2021/12,34987.0,8132.0,5995.0,3980719.0,3705381.0,275338.0,9.21,0.64,748.0,3.4,36391.0,0.28,24110
0,2020/12,8626.0,1298.0,674.0,30290.0,15390.0,14900.0,31.51,13.76,914.0,13.25,20554.0,3.54,21240
1,2021/03,8790.0,1707.0,1258.0,33863.0,18556.0,15308.0,31.48,13.51,1705.0,11.27,21116.0,3.1,21240
2,2021/06,9054.0,1664.0,1158.0,34544.0,18087.0,16457.0,28.78,13.14,1570.0,13.63,22701.0,3.47,21240
3,2021/09,9340.0,1638.0,1365.0,36924.0,18859.0,18065.0,27.53,13.15,1850.0,12.29,24918.0,2.98,21240
4,2021/12,9459.0,1392.0,874.0,38006.0,18962.0,19044.0,27.41,13.63,1185.0,11.79,26268.0,2.83,21240
0,2020/12,1326.0,135.0,71.0,10810.0,2274.0,8536.0,7.23,4.04,154.0,54.92,13255.0,3.84,20150
1,2021/03,1380.0,137.0,155.0,10964.0,2421.0,8542.0,6.77,3.76,337.0,77.9,13269.0,5.12,20150
2,2021/06,1711.0,214.0,179.0,11220.0,2490.0,8730.0,7.76,4.36,389.0,70.75,13698.0,5.33,20150
3,2021/09,1986.0,236.0,230.0,11636.0,2553.0,9083.0,9.98,5.68,498.0,75.46,14463.0,7.19,20150
4,2021/12,1812.0,113.0,67.0,17536.0,4043.0,13493.0,7.85,4.46,137.0,99.16,21440.0,6.3,20150
0,2020/12,21012.0,1943.0,897.0,78074.0,55680.0,22394.0,5.09,1.52,161.0,78.59,3968.0,4.1,18880
1,2021/03,18690.0,940.0,601.0,78250.0,55413.0,22837.0,6.15,1.83,110.0,69.71,4041.0,4.37,18880
2,2021/06,18521.0,1004.0,997.0,76759.0,53263.0,23496.0,13.36,4.07,181.0,30.37,4161.0,3.98,18880
3,2021/09,17042.0,706.0,526.0,81721.0,57387.0,24334.0,13.18,3.81,95.0,28.55,4306.0,3.63,18880
4,2021/12,19261.0,607.0,984.0,82337.0,57571.0,24767.0,13.83,3.87,191.0,23.27,4391.0,3.06,18880
0,2020/12,30465.0,2838.0,1764.0,91549.0,22958.0,68591.0,6.71,4.98,2220.0,31.15,86219.0,2.07,18260
1,2021/03,30613.0,2171.0,1585.0,95476.0,26686.0,68790.0,9.65,6.93,2016.0,23.79,86460.0,2.24,18260
2,2021/06,32509.0,2247.0,1648.0,99183.0,28342.0,70841.0,9.64,6.98,2057.0,22.22,89037.0,2.08,18260
3,2021/09,33813.0,2220.0,1994.0,101729.0,28047.0,73682.0,9.86,7.21,2489.0,18.27,92613.0,1.73,18260
4,2021/12,39366.0,1443.0,1108.0,105174.0,30737.0,74437.0,8.8,6.44,1336.0,19.81,93454.0,1.67,18260
0,2020/12,23037.0,2255.0,3659.0,479070.0,235107.0,243962.0,6.44,3.22,943.0,12.77,66577.0,0.71,17670
1,2021/03,47805.0,3888.0,5720.0,477615.0,231924.0,245691.0,7.53,3.84,1383.0,12.67,67164.0,0.82,17670
2,2021/06,48183.0,3966.0,7957.0,500576.0,236508.0,264068.0,8.54,4.44,2031.0,12.15,71679.0,0.89,17670
3,2021/09,49675.0,4000.0,7365.0,516775.0,244937.0,271838.0,9.94,5.02,2176.0,10.05,73829.0,0.88,17670
4,2021/12,21824.0,2018.0,3148.0,309113.0,185761.0,123351.0,13.63,6.14,1117.0,8.46,53218.0,1.09,17670
0,2020/12,27121.0,1625.0,1269.0,638697.0,585526.0,53171.0,9.89,0.94,1421.0,7.11,59542.0,0.68,16360
1,2021/03,32994.0,3993.0,2890.0,615680.0,561500.0,54181.0,15.29,1.33,3237.0,4.51,60673.0,0.65,16360
2,2021/06,19406.0,3563.0,2645.0,636780.0,579930.0,56851.0,17.17,1.51,2961.0,4.39,63662.0,0.71,16360
3,2021/09,25557.0,3627.0,2682.0,668797.0,609291.0,59507.0,17.02,1.5,3004.0,4.51,66637.0,0.72,16360
4,2021/12,20139.0,1904.0,1436.0,657075.0,596266.0,60809.0,16.94,1.49,1608.0,4.15,68096.0,0.66,16360
0,2020/12,146923.0,9337.0,5847.0,2031421.0,1324753.0,706668.0,2.91,1.04,881.0,8.83,107945.0,0.25,15760
1,2021/03,150753.0,5716.0,1184.0,2037166.0,1335036.0,702130.0,3.02,1.07,134.0,7.24,107203.0,0.22,15760
2,2021/06,135189.0,-7648.0,-6739.0,2069829.0,1372902.0,696927.0,1.76,0.63,-1084.0,13.38,106305.0,0.23,15760
3,2021/09,164622.0,-9367.0,-10259.0,2070143.0,1381990.0,688153.0,-1.6,-0.49,-1628.0,,104871.0,0.22,15760
4,2021/12,155184.0,-47303.0,-36479.0,2111089.0,1457970.0,653118.0,-7.99,-2.53,-5701.0,,99334.0,0.22,15760
0,2020/12,106764.0,7023.0,5520.0,484977.0,151696.0,333281.0,4.66,3.21,5857.0,15.89,359387.0,0.71,12330
1,2021/03,98158.0,4904.0,6033.0,492671.0,156934.0,335737.0,5.39,3.7,6321.0,15.58,363505.0,0.8,12330
2,2021/06,102851.0,5636.0,6696.0,495258.0,153113.0,342145.0,6.61,4.61,7031.0,12.53,371927.0,0.79,12330
3,2021/09,99899.0,4576.0,5355.0,498638.0,150404.0,348234.0,6.95,4.81,5632.0,10.18,380627.0,0.66,12330
4,2021/12,116114.0,5286.0,5540.0,514825.0,161251.0,353575.0,6.87,4.73,5832.0,10.25,387397.0,0.66,12330
0,2020/12,4760.0,693.0,-337.0,54064.0,34913.0,19151.0,2.21,1.57,-1109.0,95.07,50573.0,1.86,11790
1,2021/03,7846.0,818.0,612.0,54532.0,35260.0,19272.0,-0.12,0.87,1049.0,,50983.0,2.52,11790
2,2021/06,8272.0,1350.0,771.0,56661.0,36591.0,20070.0,2.26,2.06,1129.0,137.85,52243.0,3.03,11790
3,2021/09,8868.0,1458.0,1852.0,58732.0,36526.0,22205.0,9.57,4.94,3823.0,34.43,56920.0,2.97,11790
4,2021/12,9376.0,996.0,189.0,61801.0,38978.0,22824.0,11.59,5.91,-170.0,29.92,55782.0,3.13,11790
0,2020/12,13695.0,2751.0,2094.0,50273.0,18780.0,31492.0,20.18,12.19,6252.0,8.33,112845.0,1.28,11780
1,2021/03,18545.0,6125.0,4756.0,56813.0,21343.0,35470.0,30.0,18.07,14199.0,9.53,127104.0,2.08,11780
2,2021/06,21991.0,7537.0,5831.0,68210.0,26757.0,41453.0,40.91,24.62,17408.0,5.19,148546.0,1.47,11780
3,2021/09,22363.0,6253.0,6046.0,76303.0,28356.0,47946.0,48.6,30.03,18053.0,3.38,171820.0,1.1,11780
4,2021/12,21720.0,4153.0,3023.0,81157.0,30328.0,50829.0,47.76,29.91,9031.0,2.83,181037.0,0.92,11780
0,2020/12,20065.0,5670.0,1368.0,93734.0,76848.0,16885.0,8.92,1.5,419.0,36.32,5164.0,2.7,11200
1,2021/03,24280.0,10193.0,1541.0,107451.0,86025.0,21426.0,21.63,3.82,465.0,27.5,6208.0,4.67,11200
2,2021/06,29067.0,13889.0,2105.0,124673.0,72906.0,51767.0,15.24,5.04,606.0,27.8,12767.0,3.44,11200
3,2021/09,40164.0,22708.0,22998.0,154401.0,77142.0,77259.0,59.49,22.81,5673.0,4.24,19055.0,1.77,11200
4,2021/12,44430.0,26985.0,26727.0,178761.0,75178.0,103583.0,88.62,39.17,5732.0,1.96,21179.0,1.27,11200
0,2020/12,32197.0,2162.0,871.0,193865.0,56742.0,137124.0,1.22,0.89,2197.0,59.7,374803.0,0.74,11170
1,2021/03,41683.0,6238.0,5379.0,209967.0,66038.0,143929.0,5.6,3.91,14772.0,13.9,391851.0,0.77,11170
2,2021/06,43520.0,5940.0,5009.0,214547.0,65833.0,148713.0,8.88,6.28,13803.0,7.53,405013.0,0.65,11170
3,2021/09,44419.0,2883.0,3128.0,220247.0,65780.0,154467.0,9.93,6.96,8979.0,6.08,419771.0,0.58,11170
4,2021/12,51582.0,295.0,740.0,228700.0,74188.0,154512.0,9.87,6.75,1706.0,5.53,420424.0,0.52,11170
0,2020/12,37612.0,4107.0,1211.0,60386.0,36109.0,24277.0,10.2,4.0,5115.0,18.29,102588.0,1.78,11070
1,2021/03,30703.0,3468.0,2514.0,65759.0,38839.0,26921.0,16.32,6.6,10623.0,11.95,113759.0,1.81,11070
2,2021/06,23547.0,1519.0,1473.0,65495.0,37052.0,28443.0,21.28,8.9,6223.0,9.65,120191.0,1.86,11070
3,2021/09,37976.0,3357.0,2271.0,82986.0,51928.0,31057.0,27.53,10.17,9596.0,6.61,131240.0,1.59,11070
4,2021/12,57231.0,4298.0,2625.0,77414.0,44271.0,33142.0,30.94,12.89,11090.0,9.7,140050.0,2.6,11070
0,2020/12,42803.0,817.0,1211.0,156905.0,100080.0,56825.0,-13.07,-4.97,1039.0,,48810.0,1.42,10950
1,2021/03,53448.0,6292.0,3447.0,178558.0,118286.0,60272.0,7.39,2.51,2956.0,22.06,51771.0,1.57,10950
2,2021/06,67110.0,5710.0,4107.0,180100.0,115721.0,64379.0,15.16,5.21,3522.0,13.18,55299.0,1.85,10950
3,2021/09,71170.0,5494.0,3345.0,181278.0,114716.0,66562.0,19.82,7.07,2869.0,10.59,57173.0,1.92,10950
4,2021/12,82911.0,3913.0,2885.0,186932.0,117052.0,69880.0,21.76,8.02,2475.0,7.25,60024.0,1.43,10950
0,2020/12,16654.0,-2851.0,-5541.0,129222.0,92039.0,37182.0,-33.05,-11.26,-818.0,,5750.0,1.15,10140
1,2021/03,15746.0,-5068.0,-5359.0,120732.0,87367.0,33364.0,-41.59,-13.4,-793.0,,5164.0,1.41,10140
2,2021/06,17155.0,-4379.0,-4474.0,122782.0,93703.0,29079.0,-41.3,-11.73,-662.0,,4504.0,1.4,10140
3,2021/09,14854.0,-1102.0,-1238.0,125080.0,95175.0,29905.0,-44.48,-12.69,-181.0,,4636.0,1.34,10140
4,2021/12,18465.0,-2571.0,-3450.0,121386.0,80413.0,40973.0,-36.89,-11.59,-432.0,,4813.0,1.18,10140
0,2020/12,22511.0,2617.0,1515.0,84996.0,14126.0,70870.0,8.37,7.04,8053.0,13.22,394347.0,1.02,10130
1,2021/03,22005.0,2700.0,2123.0,84357.0,13832.0,70525.0,9.49,7.93,11105.0,11.96,392829.0,1.04,10130
2,2021/06,23754.0,2731.0,1947.0,88024.0,15499.0,72525.0,10.41,8.7,10266.0,11.26,404085.0,1.07,10130
3,2021/09,24147.0,2658.0,2003.0,92579.0,17345.0,75235.0,10.56,8.7,10563.0,12.58,418512.0,1.2,10130
4,2021/12,29861.0,2873.0,2039.0,99640.0,22298.0,77342.0,11.07,8.79,10821.0,11.95,430439.0,1.19,10130
0,2020/12,25618.0,654.0,-993.0,151373.0,91696.0,59677.0,5.3,1.96,-564.0,25.19,35551.0,1.31,9830
1,2021/03,24043.0,2546.0,3852.0,170142.0,92473.0,77669.0,9.36,3.71,2215.0,13.43,40237.0,1.25,9830
2,2021/06,27775.0,2211.0,2228.0,172185.0,91479.0,80706.0,10.07,4.16,1159.0,11.05,41885.0,1.06,9830
3,2021/09,25803.0,1784.0,1934.0,177778.0,94711.0,83067.0,9.9,4.21,1007.0,11.45,43103.0,1.04,9830
4,2021/12,29631.0,843.0,-1851.0,200076.0,118063.0,82012.0,8.79,3.51,-957.0,10.74,42563.0,0.83,9830
0,2020/12,35738.0,-1809.0,-9235.0,252442.0,128230.0,124212.0,-7.42,-3.32,-12440.0,,154230.0,0.7,9540
1,2021/03,36815.0,675.0,636.0,247390.0,121729.0,125660.0,-8.14,-3.69,632.0,,155967.0,0.86,9540
2,2021/06,37973.0,-8973.0,-7221.0,255669.0,136552.0,119117.0,-13.99,-6.34,-8884.0,,148023.0,0.91,9540
3,2021/09,35580.0,1418.0,1926.0,272510.0,141292.0,131218.0,-11.72,-5.2,2465.0,,147014.0,0.69,9540
4,2021/12,44566.0,-6968.0,-6753.0,272931.0,148793.0,124138.0,-8.95,-4.34,-7344.0,,139385.0,0.68,9540
0,2020/12,14287.0,3497.0,2049.0,92255.0,33151.0,59104.0,10.92,6.97,2610.0,22.87,76406.0,2.33,9150
1,2021/03,23719.0,3315.0,2427.0,96815.0,35273.0,61542.0,12.41,7.65,3005.0,20.63,79474.0,2.36,9150
2,2021/06,24755.0,3393.0,2346.0,97602.0,33525.0,64077.0,15.28,9.73,2889.0,15.43,82669.0,2.14,9150
3,2021/09,26887.0,4578.0,3535.0,100892.0,32262.0,68630.0,16.4,10.71,4504.0,13.64,88547.0,2.0,9150
4,2021/12,21389.0,3582.0,847.0,99414.0,30702.0,68711.0,14.29,9.55,1102.0,17.17,88937.0,2.22,9150
0,2020/12,37196.0,2535.0,1446.0,438470.0,390582.0,47888.0,13.08,1.38,190.0,4.74,6557.0,0.56,8560
1,2021/03,48376.0,2846.0,2117.0,469032.0,421387.0,47644.0,15.65,1.53,280.0,5.1,6556.0,0.7,8560
2,2021/06,48789.0,2398.0,1903.0,489521.0,439258.0,50263.0,15.3,1.55,252.0,5.05,7442.0,0.64,8560
3,2021/09,61485.0,2402.0,1912.0,502139.0,451352.0,50786.0,15.48,1.59,263.0,5.02,7809.0,0.63,8560
4,2021/12,77829.0,1842.0,1898.0,541082.0,487738.0,53344.0,15.77,1.6,262.0,4.87,8360.0,0.62,8560
0,2020/12,35863.0,2971.0,1921.0,1309469.0,1216006.0,93463.0,8.94,0.63,231.0,9.25,14268.0,0.66,6800
1,2021/03,47609.0,4191.0,2968.0,1264119.0,1167065.0,97055.0,10.71,0.83,366.0,7.86,15059.0,0.65,6800
2,2021/06,26375.0,4343.0,3565.0,1126239.0,1024837.0,101402.0,10.71,0.87,435.0,7.16,15720.0,0.6,6800
3,2021/09,33936.0,3972.0,3398.0,1104764.0,998889.0,105876.0,11.61,0.97,432.0,5.92,16475.0,0.53,6800
4,2021/12,23578.0,2349.0,1904.0,1086418.0,980318.0,106100.0,11.66,0.99,224.0,5.94,16780.0,0.52,6800
0,2020/12,32514.0,2462.0,3419.0,215342.0,81753.0,133589.0,4.54,3.05,4517.0,76.91,194065.0,3.24,6400
1,2021/03,29632.0,1332.0,1500.0,219228.0,82805.0,136423.0,5.67,3.73,1907.0,64.65,198153.0,3.33,6400
2,2021/06,33343.0,2952.0,2883.0,232154.0,90307.0,141847.0,7.29,4.67,3904.0,51.72,206019.0,3.39,6400
3,2021/09,34398.0,3735.0,4204.0,245212.0,96467.0,148745.0,8.3,5.3,5616.0,45.03,215823.0,3.33,6400
4,2021/12,38159.0,2657.0,3916.0,258332.0,106365.0,151967.0,8.45,5.28,5194.0,39.41,219885.0,2.98,6400
0,2020/12,28173.0,2049.0,102.0,137707.0,94586.0,43121.0,7.68,2.45,77.0,9.72,51755.0,0.73,6360
1,2021/03,20141.0,1766.0,1579.0,144131.0,98978.0,45153.0,8.13,2.5,1832.0,10.34,51112.0,0.84,6360
2,2021/06,22317.0,1249.0,621.0,146590.0,99585.0,47006.0,7.39,2.35,649.0,11.32,52305.0,0.82,6360
3,2021/09,21717.0,1523.0,1333.0,147083.0,98955.0,48128.0,7.96,2.56,1502.0,10.41,53561.0,0.8,6360
4,2021/12,26191.0,1927.0,756.0,151837.0,103110.0,48727.0,9.32,2.96,821.0,8.26,54487.0,0.73,6360
0,2020/12,22125.0,835.0,756.0,627384.0,569356.0,58029.0,10.32,1.02,252.0,5.88,19352.0,0.58,5940
1,2021/03,39406.0,3744.0,2574.0,622977.0,564300.0,58676.0,14.37,1.34,857.0,4.36,19568.0,0.6,5940
2,2021/06,20900.0,3930.0,2705.0,601517.0,540131.0,61386.0,14.43,1.4,901.0,4.59,20472.0,0.63,5940
3,2021/09,24995.0,2927.0,2147.0,612699.0,548263.0,64436.0,13.41,1.36,715.0,4.73,21490.0,0.6,5940
4,2021/12,22321.0,2338.0,1889.0,585420.0,517187.0,68233.0,14.77,1.54,602.0,4.08,21630.0,0.58,5940
0,2020/12,615515.0,90470.0,66071.0,3782357.0,1022877.0,2759480.0,9.98,7.23,949.0,21.09,39406.0,2.06,5935
1,2021/03,653885.0,93829.0,71417.0,3928263.0,1185577.0,2742686.0,10.79,7.64,1044.0,19.54,39126.0,2.08,5935
2,2021/06,636716.0,125667.0,96345.0,3847777.0,1024534.0,2823243.0,12.04,8.82,1391.0,16.99,40361.0,2.0,5935
3,2021/09,739792.0,158175.0,122933.0,4104207.0,1136546.0,2967661.0,12.6,9.08,1775.0,14.36,42447.0,1.75,5935
4,2021/12,765655.0,138667.0,108379.0,4266212.0,1217212.0,3048999.0,13.92,9.92,1567.0,13.55,43611.0,1.8,5935
0,2020/12,615515.0,90470.0,66071.0,3782357.0,1022877.0,2759480.0,9.98,7.23,949.0,21.09,39406.0,2.06,5930
1,2021/03,653885.0,93829.0,71417.0,3928263.0,1185577.0,2742686.0,10.79,7.64,1044.0,19.54,39126.0,2.08,5930
2,2021/06,636716.0,125667.0,96345.0,3847777.0,1024534.0,2823243.0,12.04,8.82,1391.0,16.99,40361.0,2.0,5930
3,2021/09,739792.0,158175.0,122933.0,4104207.0,1136546.0,2967661.0,12.6,9.08,1775.0,14.36,42447.0,1.75,5930
4,2021/12,765655.0,138667.0,108379.0,4266212.0,1217212.0,3048999.0,13.92,9.92,1567.0,13.55,43611.0,1.8,5930
0,2020/12,53641.0,832.0,546.0,600544.0,535595.0,64949.0,8.94,0.96,758.0,5.61,106677.0,0.41,5830
1,2021/03,54230.0,2761.0,2175.0,603985.0,543500.0,60485.0,10.3,1.06,3078.0,5.46,99265.0,0.48,5830
2,2021/06,49469.0,3388.0,2717.0,623228.0,558710.0,64519.0,10.76,1.14,3817.0,5.67,105959.0,0.52,5830
3,2021/09,55068.0,3313.0,2501.0,631516.0,565276.0,66240.0,12.05,1.3,3513.0,5.7,108805.0,0.58,5830
4,2021/12,50038.0,1622.0,1337.0,647516.0,580191.0,67325.0,13.33,1.4,1873.0,4.4,110605.0,0.49,5830
0,2020/12,152642.0,8634.0,7346.0,790870.0,314124.0,476746.0,3.61,2.26,8040.0,14.8,583189.0,0.47,5490
1,2021/03,160687.0,15524.0,11388.0,828226.0,336071.0,492155.0,4.99,3.02,11753.0,12.5,598503.0,0.53,5490
2,2021/06,182925.0,22006.0,18072.0,834696.0,326143.0,508553.0,8.47,5.07,19089.0,7.87,618263.0,0.56,5490
3,2021/09,206369.0,31167.0,26276.0,901351.0,366137.0,535213.0,12.43,7.32,27868.0,4.94,650197.0,0.51,5490
4,2021/12,213343.0,23683.0,16223.0,914716.0,366667.0,548049.0,13.97,8.44,17187.0,3.62,666803.0,0.41,5490
0,2020/12,292434.0,12544.0,11834.0,2093442.0,1330032.0,763410.0,2.04,0.95,3863.0,37.33,266968.0,0.72,5380
1,2021/03,273909.0,16566.0,15222.0,2161505.0,1386269.0,775237.0,3.27,1.4,4793.0,26.38,271275.0,0.8,5380
2,2021/06,303261.0,18860.0,19826.0,2228202.0,1427112.0,801089.0,5.37,2.12,6362.0,17.35,279427.0,0.86,5380
3,2021/09,288672.0,16067.0,14869.0,2311100.0,1487985.0,823114.0,7.6,2.82,4717.0,10.13,286707.0,0.7,5380
4,2021/12,310265.0,15297.0,7014.0,2339464.0,1513306.0,826158.0,6.84,2.57,1975.0,11.71,289609.0,0.72,5380
0,2020/12,23784.0,-13.0,-2951.0,166800.0,88489.0,78311.0,-3.03,-1.48,-2209.0,,89735.0,0.39,4990
1,2021/03,23387.0,425.0,1475.0,159986.0,79975.0,80010.0,-0.66,-0.19,933.0,,91460.0,0.37,4990
2,2021/06,25118.0,820.0,827.0,159058.0,77683.0,81375.0,1.11,0.57,625.0,57.45,93309.0,0.43,4990
3,2021/09,26026.0,1042.0,2967.0,166687.0,80754.0,85933.0,2.93,1.37,2571.0,17.56,99448.0,0.34,4990
4,2021/12,24718.0,-124.0,-3765.0,199219.0,102926.0,96293.0,4.61,0.82,-1215.0,10.26,97590.0,0.31,4990
0,2020/12,47806.0,554.0,-2670.0,348450.0,181520.0,166930.0,-2.59,-1.27,-1935.0,,124257.0,0.32,4020
1,2021/03,49274.0,3039.0,2199.0,353730.0,183494.0,170236.0,-0.64,-0.3,1573.0,,126701.0,0.38,4020
2,2021/06,56219.0,5453.0,3525.0,355096.0,181047.0,174049.0,1.45,0.75,2512.0,29.67,129464.0,0.41,4020
3,2021/09,58602.0,8262.0,5959.0,361251.0,182540.0,178712.0,5.13,2.56,4383.0,7.25,132924.0,0.36,4020
4,2021/12,64405.0,7721.0,3368.0,370423.0,187819.0,182604.0,8.54,4.19,2484.0,3.74,135836.0,0.3,4020
0,2020/12,4499.0,209.0,158.0,20881.0,10644.0,10236.0,2.96,1.56,248.0,225.74,15589.0,6.67,3670
1,2021/03,4672.0,341.0,398.0,34483.0,11145.0,23337.0,3.38,2.16,540.0,186.36,29588.0,5.24,3670
2,2021/06,4800.0,356.0,339.0,34960.0,11301.0,23659.0,5.84,3.43,437.0,104.02,30006.0,4.8,3670
3,2021/09,5050.0,315.0,409.0,37671.0,13558.0,24114.0,7.79,4.47,527.0,98.83,30587.0,5.79,3670
4,2021/12,5373.0,205.0,192.0,39225.0,14840.0,24384.0,7.92,4.45,251.0,81.69,30845.0,4.67,3670
0,2020/12,1626.0,-1480.0,557.0,242823.0,34210.0,208613.0,7.5,6.6,79.0,10.5,115254.0,0.76,3550
1,2021/03,21805.0,10009.0,10574.0,251620.0,52194.0,199427.0,9.97,8.39,5914.0,8.3,110071.0,0.82,3550
2,2021/06,19235.0,6117.0,10011.0,240060.0,29358.0,210701.0,13.74,12.06,5857.0,6.42,127630.0,0.8,3550
3,2021/09,20268.0,6125.0,5666.0,249746.0,30418.0,219328.0,12.29,10.86,3393.0,6.13,132859.0,0.7,3550
4,2021/12,7282.0,2350.0,589.0,256698.0,37296.0,219402.0,12.36,10.75,65.0,5.22,132574.0,0.61,3550
0,2020/12,19080.0,1191.0,4218.0,251901.0,218783.0,33117.0,-7.22,-0.88,1883.0,,14148.0,1.49,3490
1,2021/03,17925.0,1016.0,-561.0,267401.0,201810.0,65591.0,11.15,1.68,-217.0,11.66,18502.0,1.47,3490
2,2021/06,20126.0,1936.0,1168.0,263236.0,198517.0,64718.0,10.83,1.7,331.0,16.44,18248.0,1.73,3490
3,2021/09,23035.0,4202.0,1063.0,260933.0,197065.0,63868.0,12.58,2.26,304.0,15.83,18003.0,1.87,3490
4,2021/12,29075.0,7037.0,4118.0,266719.0,198062.0,68657.0,11.6,2.23,1174.0,15.41,19356.0,1.52,3490
0,2020/12,4261.0,748.0,420.0,33268.0,16371.0,16897.0,7.92,4.13,83.0,24.42,3364.0,1.99,3410
1,2021/03,3366.0,328.0,197.0,33488.0,16928.0,16560.0,8.09,4.15,39.0,28.05,3297.0,2.33,3410
2,2021/06,4161.0,793.0,716.0,33834.0,17029.0,16805.0,9.11,4.74,142.0,26.97,3346.0,2.5,3410
3,2021/09,4226.0,686.0,728.0,35688.0,18713.0,16976.0,12.06,6.02,144.0,19.47,3380.0,2.36,3410
4,2021/12,4861.0,681.0,219.0,35648.0,19093.0,16555.0,11.12,5.4,43.0,20.89,3296.0,2.34,3410
0,2020/12,12614.0,-145.0,-849.0,77887.0,15167.0,62720.0,0.31,0.27,-414.0,507.65,36218.0,1.52,2790
1,2021/03,13875.0,1977.0,1768.0,78500.0,14532.0,63969.0,1.49,1.31,881.0,127.15,36923.0,1.76,2790
2,2021/06,13034.0,1046.0,1428.0,79953.0,14527.0,65426.0,4.5,3.04,1087.0,40.77,38097.0,1.68,2790
3,2021/09,12145.0,517.0,455.0,80641.0,14610.0,66030.0,5.14,3.52,227.0,27.54,37494.0,1.31,2790
4,2021/12,14206.0,23.0,-731.0,80381.0,15625.0,64756.0,5.49,3.69,-321.0,23.65,36853.0,1.2,2790
0,2020/12,58660.0,1406.0,1031.0,925964.0,763138.0,162825.0,4.94,0.85,2039.0,12.56,382525.0,0.49,810
1,2021/03,61824.0,5823.0,4385.0,921006.0,765807.0,155199.0,6.96,1.15,8654.0,9.47,364550.0,0.52,810
2,2021/06,59882.0,4578.0,3295.0,926547.0,770062.0,156485.0,7.07,1.19,6505.0,10.44,367582.0,0.6,810
3,2021/09,63676.0,3942.0,3007.0,932512.0,779322.0,153190.0,7.67,1.29,5932.0,10.16,359781.0,0.65,810
4,2021/12,59407.0,725.0,561.0,949340.0,794417.0,154923.0,7.07,1.2,1101.0,9.1,363848.0,0.56,810
0,2020/12,43254.0,899.0,-1221.0,179393.0,91729.0,87664.0,1.84,1.26,-1017.0,33.23,59453.0,0.61,720
1,2021/03,41496.0,2009.0,1944.0,182466.0,93576.0,88890.0,1.83,1.2,1209.0,38.78,60595.0,0.71,720
2,2021/06,43835.0,1410.0,849.0,183776.0,94180.0,89596.0,1.82,1.3,416.0,51.21,60940.0,0.93,720
3,2021/09,43519.0,2204.0,1484.0,186638.0,94772.0,91867.0,2.44,1.65,896.0,34.17,62572.0,0.82,720
4,2021/12,51805.0,1913.0,1266.0,196373.0,102080.0,94293.0,5.88,2.95,1129.0,12.18,64200.0,0.69,720
0,2020/12,79662.0,9659.0,17677.0,711739.0,192648.0,519091.0,9.53,6.98,2427.0,18.14,75860.0,1.56,660
1,2021/03,84942.0,13244.0,9926.0,751180.0,227394.0,523786.0,10.13,7.17,1360.0,18.92,76542.0,1.73,660
2,2021/06,103217.0,26946.0,19884.0,777179.0,228399.0,548780.0,11.16,7.93,2726.0,15.95,79768.0,1.6,660
3,2021/09,118053.0,41718.0,33153.0,832690.0,245546.0,587144.0,14.75,10.57,4548.0,9.31,85338.0,1.21,660
4,2021/12,123766.0,42195.0,33199.0,963865.0,341954.0,621911.0,16.84,11.48,4556.0,9.93,90394.0,1.45,660
0,2020/12,169106.0,12816.0,9616.0,604904.0,305988.0,298917.0,5.05,2.57,2372.0,17.0,74556.0,0.84,270
1,2021/03,165817.0,10764.0,10350.0,639690.0,331440.0,308250.0,7.58,3.77,2553.0,14.89,76884.0,1.08,270
2,2021/06,183395.0,14872.0,13429.0,639057.0,315907.0,323150.0,11.35,5.68,3313.0,10.46,80600.0,1.11,270
3,2021/09,177528.0,13270.0,11347.0,644930.0,307117.0,337813.0,14.24,7.08,2799.0,7.36,84257.0,0.96,270
4,2021/12,171884.0,11751.0,12477.0,668500.0,319374.0,349126.0,14.69,7.48,3078.0,7.0,87073.0,0.94,270
0,2020/12,4614.0,272.0,119.0,23935.0,5470.0,18465.0,11.06,8.44,170.0,27.75,26786.0,2.68,100
1,2021/03,3790.0,139.0,201.0,25120.0,6506.0,18614.0,5.44,4.0,277.0,45.98,27015.0,2.23,100
2,2021/06,4333.0,234.0,332.0,24564.0,5672.0,18892.0,5.33,3.89,459.0,45.93,27415.0,2.2,100
3,2021/09,4515.0,65.0,301.0,24581.0,5478.0,19103.0,5.23,3.93,412.0,44.63,27738.0,2.12,100
4,2021/12,4240.0,48.0,157.0,24638.0,5279.0,19359.0,5.45,4.08,230.0,45.05,28159.0,2.21,100
0,2020/12,28003.0,1610.0,1110.0,253593.0,226762.0,26831.0,16.88,1.78,946.0,3.88,22664.0,0.64,60
1,2021/03,29367.0,1788.0,1320.0,255167.0,231871.0,23296.0,19.28,1.86,1090.0,4.89,19886.0,0.97,60
2,2021/06,28757.0,2231.0,1641.0,262722.0,238171.0,24551.0,20.54,2.03,1360.0,4.66,21022.0,0.97,60
3,2021/09,30096.0,2359.0,1709.0,270726.0,246426.0,24300.0,22.43,2.22,1416.0,6.34,21646.0,1.41,60
4,2021/12,30394.0,2696.0,1939.0,276890.0,252938.0,23952.0,26.08,2.49,1605.0,6.13,22115.0,1.52,60
